1111111111111111111111111111111111111111111111111111111111111111111111111111111111111111111111
1000001000000000000000000000000000000000000001110000000000000000000000000000000000000000000011
1000001000001000000002200000000000000022000001110000000000000000000000000000000000000000000011
1000111000001000000002200000000000000222200001110000000000000000000000000000000000000000000011
1000001000111000000002200000000000000022000001110000000000000000000000000000000000000000000011
1001011000011000000002220000000000000002000001110000000000000000000000000000000000000000000011
1001111000001000000002220000000000000000000001110000000000000000000000000000000000000000000011
1000000000001000000022222000000000000000000001110000000000000000000000000000000000000000000011
1111111111111100000002220000000011111111111111110000000000000000000000000000000000000000000011
1111111111111100000000211000000000000000000001111111111111111111100001111111111111111111111111
1000000000000000000000211000000000000000000001111111111111111111000011111111111111111111111111
1000000000000000000000000000000000002222222221111111111111111111100001111111111111111111111111
1000000000222222000000000000000000222222222221111111111111111111110000111111111111111111111111
1110000000022200000000000000002222222222222222211111111111111111100001111111111111111111111111
1111100000022200000000000222222222222222222222222211111111111111110000111111111111111111111111
1111111000002222000000000002222222222222222222222222111111111111111100001111111111111111111111
1111111111022200000000000000022222222222222222222222221111111111111111000011111111111111111111
1111111122222000000000000000222222222222222222222222222211111111111111110000111111111111111111
1111111111220000000000000222222222222222222222222222221111111111111111000011111111111111111111
1111111111200000000000000222222222222222222222222222211111111111111110000111111111111111111111
1111111111111111011111111221111111111111111222222222221111111111111111000011111111111111111111
1111111111111110001111111111111111111111111111222222221111111111111111101111111111111111111111
1111111100000000000000000000000000000000000001122222000000000000000000000000000000000001111111
1111100000000000000000000000000000000000000001122211111111111111111111111111111111111411111111
1111111111111111111111110000000000000000000001120001100000000111111111111000000000000000001111
1111111111111111111100000000000000000000000001100001110011000001111111000000000000000000001111
1111111111111110000000000000000000000000000001100100111000110000011111110000000000000000000011
1111111000000000000000000000000111111111111111100110010001111000111111100000000000000000011111
1111111100000000000000222000000001111111111111100111001100111100001111111000000000000000001111
1111111111111100000002222200001111111111111111100111001110011110000111100000000000000000001111
1111111111111100000000222000000000000011111111100111001111001110001111111000000000000000000001
1111111111111000000000222220000000000000001111100111001100000111001111111000000000000000000111
1111111111110000000000002222220000000000000111100111001110001110001111111111110000000000001111
1111111000000000000000000022222220000000000011100111100111000111000011111111111100000000000001
1111111111000000000000000222222222222222222222200111110011110001110000111111100000000000000011
1111111111000000000000000222222222222222222222200111100001111000111100001111111000000000000111
1111111111000000000000000000000000000000000001100111111000111100011111000111111000000000000001
1111111111110000000000000022000000000000000001100111111100011111001111000011111100000000000011
1111111111111000000000022220000000000000000001100111111111001110000111000011111110000000011111
1111111111111110000022222200000000000000000001100111111111100111001111000000111111100000000111
1111111111111111222222222220000000000000000000300111111111110000000111110000000000000000111111
1111111111111111111111111221111111111111111111111111111111111111111111111111111111111111111111